    A  R  N  D  C  Q  E  G  H  I  L  K  M  F  P  S  T  W  Y  V  B  J  Z  X  *  
A   0  0  0  0  0  0  0  0  0  0  0  0  0  0  0  0  0  0  0  0  0  0  0  0  0
R   0  4 -4 -3  0 -4 -2  0  3 -1 -4 -1  3  0 -1 -1  0 -1  2 -1  0  0  0  0  0
N   0 -4  3  3  0 -4 -4  0 -4  1 -4 -3 -3 -2 -5  3  0 -1 -3 -2  0  0  0  0  0
D   0 -3  3  4  0 -2 -6  0 -4  3 -3 -3 -3 -4 -3  1  0 -3 -2 -4  0  0  0  0  0
C   0  0  0  0  0  0  0  0  0  0  0  0  0  0  0  0  0  0  0  0  0  0  0  0  0
Q   0 -4 -4 -2  0  3 -3  0 -3 -3  2  0 -3  3 -4 -4  0  2 -3 -3  0  0  0  0  0
E   0 -2 -4 -6  0 -3  3  0 -3 -2 -4  2  1 -5  4 -2  0 -2 -2  3  0  0  0  0  0
G   0  0  0  0  0  0  0  0  0  0  0  0  0  0  0  0  0  0  0  0  0  0  0  0  0
H   0  3 -4 -4  0 -3 -3  0  2 -3 -4 -3  1 -6  0 -3  0 -3  1 -2  0  0  0  0  0
I   0 -1  1  3  0 -3 -2  0 -3  3 -3 -5 -4 -2 -2  3  0 -2 -3 -2  0  0  0  0  0
L   0 -4 -4 -3  0  2 -4  0 -4 -3  2 -6 -7  3 -2 -3  0  3 -4 -5  0  0  0  0  0
K   0 -1 -3 -3  0  0  2  0 -3 -5 -6  3 -2 -2  4 -4  0 -3 -3  3  0  0  0  0  0
M   0  3 -3 -3  0 -3  1  0  1 -4 -7 -2  5 -3  1 -4  0 -3  3 -1  0  0  0  0  0
F   0  0 -2 -4  0  3 -5  0 -6 -2  3 -2 -3  4 -1 -4  0  3 -4 -3  0  0  0  0  0
P   0 -1 -5 -3  0 -4  4  0  0 -2 -2  4  1 -1  4 -2  0 -2 -1  4  0  0  0  0  0
S   0 -1  3  1  0 -4 -2  0 -3  3 -3 -4 -4 -4 -2  2  0 -4 -4 -4  0  0  0  0  0
T   0  0  0  0  0  0  0  0  0  0  0  0  0  0  0  0  0  0  0  0  0  0  0  0  0
W   0 -1 -1 -3  0  2 -2  0 -3 -2  3 -3 -3  3 -2 -4  0  3 -5 -6  0  0  0  0  0
Y   0  2 -3 -2  0 -3 -2  0  1 -3 -4 -3  3 -4 -1 -4  0 -5  4 -2  0  0  0  0  0
V   0 -1 -2 -4  0 -3  3  0 -2 -2 -5  3 -1 -3  4 -4  0 -6 -2  4  0  0  0  0  0
B   0  0  0  0  0  0  0  0  0  0  0  0  0  0  0  0  0  0  0  0  0  0  0  0  0
J   0  0  0  0  0  0  0  0  0  0  0  0  0  0  0  0  0  0  0  0  0  0  0  0  0
Z   0  0  0  0  0  0  0  0  0  0  0  0  0  0  0  0  0  0  0  0  0  0  0  0  0
X   0  0  0  0  0  0  0  0  0  0  0  0  0  0  0  0  0  0  0  0  0  0  0 -1  0
*   0  0  0  0  0  0  0  0  0  0  0  0  0  0  0  0  0  0  0  0  0  0  0  0  0
