! TC_LIB_FORMAT_01
2
1qq4A 198 anivggIEYSinnaSLCSVgfsvtrgatkGFVTAGHCGtvnatariggavvgTFAARVFpGNDRAWVSLTSAQtllprvangssfvtvRGSTEAAvgAAVCHSgrttgYQCGTITAKnvtanyaegavrgltqsnacMGRGDSGGSWITSAGQAQGVMSGGNVqsngnncgipasqRSSLFERLQpilsqyglslvtg
1svpA 159 lkleadrlFDVKnedgdVIGHAlamegKVMKPLHVKgtidhpvlskLKFTKSSAYDMEFAQLPVNMrseafTYTSEHPeGFYNWHHGAVQYSGGrftiprgvGGRGDAGRPIMDNSGRVVAIVLGGADegtrTALSVVTWNskgktikttpegteewsa
#1 2
    2     5  1000     1   228 
    3     6  1000     1     0 
    4     7  1000     1     0 
    5     8  1000     1     0 
    7     9  1000     1     0 
    8    10  1000     1     0 
    9    11  1000     1     0 
   10    12  1000     1     0 
   11    13  1000     1     0 
   13    16  1000     1     0 
   14    17  1000     1     0 
   15    18  1000     1     0 
   16    19  1000     1     0 
   17    20  1000     1     0 
   18    21  1000     1     0 
   19    22  1000     1     0 
   21    23  1000     1     0 
   22    24  1000     1     0 
   23    25  1000     1     0 
   24    26  1000     1     0 
   29    27  1000     1     0 
   30    28  1000     1     0 
   31    29  1000     1     0 
   32    30  1000     1     0 
   33    31  1000     1     0 
   34    32  1000     1     0 
   35    33  1000     1     0 
   36    34  1000     1     0 
   37    35  1000     1     0 
   38    36  1000     1     0 
   43    38  1000     1     0 
   44    39  1000     1     0 
   45    40  1000     1     0 
   46    41  1000     1     0 
   49    42  1000     1     0 
   50    43  1000     1     0 
   51    44  1000     1     0 
   52    45  1000     1     0 
   53    47  1000     1     0 
   54    48  1000     1     0 
   55    49  1000     1     0 
   56    50  1000     1     0 
   57    51  1000     1     0 
   58    52  1000     1     0 
   59    53  1000     1     0 
   61    54  1000     1     0 
   62    55  1000     1     0 
   63    56  1000     1     0 
   64    57  1000     1     0 
   65    58  1000     1     0 
   66    59  1000     1     0 
   67    60  1000     1     0 
   68    61  1000     1     0 
   69    62  1000     1     0 
   70    63  1000     1     0 
   71    64  1000     1     0 
   72    65  1000     1     0 
   73    66  1000     1     0 
   74    68  1000     1     0 
   75    69  1000     1     0 
   76    70  1000     1     0 
   77    71  1000     1     0 
   89    72  1000     1     0 
   90    73  1000     1     0 
   91    74  1000     1     0 
   92    75  1000     1     0 
   93    76  1000     1     0 
   94    77  1000     1     0 
   95    78  1000     1     0 
   96    79  1000     1     0 
   98    80  1000     1     0 
   99    81  1000     1     0 
  100    82  1000     1     0 
  101    83  1000     1     0 
  102    84  1000     1     0 
  103    85  1000     1     0 
  109    86  1000     1     0 
  110    87  1000     1     0 
  111    88  1000     1     0 
  112    89  1000     1     0 
  113    90  1000     1     0 
  114    91  1000     1     0 
  115    92  1000     1     0 
  116    93  1000     1     0 
  117    94  1000     1     0 
  133    95  1000     1     0 
  134    96  1000     1     0 
  135    97  1000     1     0 
  136    98  1000     1     0 
  137    99  1000     1     0 
  138   103  1000     1     0 
  139   104  1000     1     0 
  140   105  1000     1     0 
  141   106  1000     1     0 
  142   107  1000     1     0 
  143   108  1000     1     0 
  144   109  1000     1     0 
  145   110  1000     1     0 
  146   111  1000     1     0 
  147   112  1000     1     0 
  148   113  1000     1     0 
  149   114  1000     1     0 
  150   115  1000     1     0 
  151   116  1000     1     0 
  152   117  1000     1     0 
  153   118  1000     1     0 
  154   119  1000     1     0 
  155   120  1000     1     0 
  156   121  1000     1     0 
  157   122  1000     1     0 
  158   123  1000     1     0 
  159   124  1000     1     0 
  160   125  1000     1     0 
  161   126  1000     1     0 
  162   127  1000     1     0 
  163   128  1000     1     0 
  171   129  1000     1     0 
  172   130  1000     1     0 
  173   131  1000     1     0 
  174   132  1000     1     0 
  177   133  1000     1     0 
  178   134  1000     1     0 
  179   135  1000     1     0 
  180   136  1000     1     0 
  181   137  1000     1     0 
  182   138  1000     1     0 
  183   139  1000     1     0 
  184   140  1000     1     0 
  185   141  1000     1     0 
! CPU 78
! SEQ_1_TO_N
