! TC_LIB_FORMAT_01
2
1qq4A 198 anivggIEYSinnaSLCSVgfsvtrgatkGFVTAGHCGtvnatariggavvgTFAARVFpGNDRAWVSLTSAQtllprvangssfvtvRGSTEAAvgAAVCHSgrttgYQCGTITAKnvtanyaegavrgltqsnacMGRGDSGGSWITSAGQAQGVMSGGNVqsngnncgipasqRSSLFERLQpilsqyglslvtg
1svpA 159 lkleadrlFDVKnedgdVIGHAlamegKVMKPLHVKgtidhpvlskLKFTKSSAYDMEFAQLPVNMrseafTYTSEHPeGFYNWHHGAVQYSGGrftiprgvGGRGDAGRPIMDNSGRVVAIVLGGADegtrTALSVVTWNskgktikttpegteewsa
#1 2
    2     5 10000     1   228 
    3     6 10000     1     0 
    4     7 10000     1     0 
    5     8 10000     1     0 
    7     9 10000     1     0 
    8    10 10000     1     0 
    9    11 10000     1     0 
   10    12 10000     1     0 
   11    13 10000     1     0 
   13    16 10000     1     0 
   14    17 10000     1     0 
   15    18 10000     1     0 
   16    19 10000     1     0 
   17    20 10000     1     0 
   18    21 10000     1     0 
   19    22 10000     1     0 
   21    23 10000     1     0 
   22    24 10000     1     0 
   23    25 10000     1     0 
   24    26 10000     1     0 
   29    27 10000     1     0 
   30    28 10000     1     0 
   31    29 10000     1     0 
   32    30 10000     1     0 
   33    31 10000     1     0 
   34    32 10000     1     0 
   35    33 10000     1     0 
   36    34 10000     1     0 
   37    35 10000     1     0 
   38    36 10000     1     0 
   43    38 10000     1     0 
   44    39 10000     1     0 
   45    40 10000     1     0 
   46    41 10000     1     0 
   49    42 10000     1     0 
   50    43 10000     1     0 
   51    44 10000     1     0 
   52    45 10000     1     0 
   53    47 10000     1     0 
   54    48 10000     1     0 
   55    49 10000     1     0 
   56    50 10000     1     0 
   57    51 10000     1     0 
   58    52 10000     1     0 
   59    53 10000     1     0 
   61    54 10000     1     0 
   62    55 10000     1     0 
   63    56 10000     1     0 
   64    57 10000     1     0 
   65    58 10000     1     0 
   66    59 10000     1     0 
   67    60 10000     1     0 
   68    61 10000     1     0 
   69    62 10000     1     0 
   70    63 10000     1     0 
   71    64 10000     1     0 
   72    65 10000     1     0 
   73    66 10000     1     0 
   74    68 10000     1     0 
   75    69 10000     1     0 
   76    70 10000     1     0 
   77    71 10000     1     0 
   89    72 10000     1     0 
   90    73 10000     1     0 
   91    74 10000     1     0 
   92    75 10000     1     0 
   93    76 10000     1     0 
   94    77 10000     1     0 
   95    78 10000     1     0 
   96    79 10000     1     0 
   98    80 10000     1     0 
   99    81 10000     1     0 
  100    82 10000     1     0 
  101    83 10000     1     0 
  102    84 10000     1     0 
  103    85 10000     1     0 
  109    86 10000     1     0 
  110    87 10000     1     0 
  111    88 10000     1     0 
  112    89 10000     1     0 
  113    90 10000     1     0 
  114    91 10000     1     0 
  115    92 10000     1     0 
  116    93 10000     1     0 
  117    94 10000     1     0 
  133    95 10000     1     0 
  134    96 10000     1     0 
  135    97 10000     1     0 
  136    98 10000     1     0 
  137    99 10000     1     0 
  138   103 10000     1     0 
  139   104 10000     1     0 
  140   105 10000     1     0 
  141   106 10000     1     0 
  142   107 10000     1     0 
  143   108 10000     1     0 
  144   109 10000     1     0 
  145   110 10000     1     0 
  146   111 10000     1     0 
  147   112 10000     1     0 
  148   113 10000     1     0 
  149   114 10000     1     0 
  150   115 10000     1     0 
  151   116 10000     1     0 
  152   117 10000     1     0 
  153   118 10000     1     0 
  154   119 10000     1     0 
  155   120 10000     1     0 
  156   121 10000     1     0 
  157   122 10000     1     0 
  158   123 10000     1     0 
  159   124 10000     1     0 
  160   125 10000     1     0 
  161   126 10000     1     0 
  162   127 10000     1     0 
  163   128 10000     1     0 
  171   129 10000     1     0 
  172   130 10000     1     0 
  173   131 10000     1     0 
  174   132 10000     1     0 
  177   133 10000     1     0 
  178   134 10000     1     0 
  179   135 10000     1     0 
  180   136 10000     1     0 
  181   137 10000     1     0 
  182   138 10000     1     0 
  183   139 10000     1     0 
  184   140 10000     1     0 
  185   141 10000     1     0 
! CPU 126
! SEQ_1_TO_N
